100
555.801600 999.111374 556.970828 998.557437 558.809558 998.203715 561.701350 998.084272 562.287085 999.099320 557.550214 999.645406
-0.229281 -2.074812 22493.000000 -0.339583 0.511226 41660.000000 -0.976945 -1.334333 35847.000000
579.909015 389.458005 580.302488 389.523036 580.179338 389.537316
-0.004759 -0.003606 41545.000000
194.505629 291.036126 196.693404 291.224735 195.756840 291.838979
0.513237 1.498057 56638.000000 0.509396 1.166393 43362.000000
399.277652 245.627716 399.810015 243.854249 399.952708 243.765741 403.097345 244.252987 403.401163 245.353613 401.437956 245.751887
-4.779942 1.340018 46370.000000 3.344238 3.376915 19883.000000 0.555621 0.314435 33747.000000
417.169746 608.916291 417.248520 608.211469 419.487832 608.304483 419.649976 608.661682 419.654399 609.703880 418.245972 610.397908 417.290963 609.875061
2.548045 1.765955 100000.000000
507.870988 702.306329 508.332425 701.512475 508.527221 701.309683 509.588479 701.219281 509.316898 703.101190 509.039055 703.217585 508.574488 703.090925
-0.445811 3.241832 58035.000000 0.597116 -0.172383 10568.000000 2.398321 -4.182642 31397.000000
46.149178 557.945687 46.195470 557.720139 46.192017 559.014808
-2.246107 1.823826 100000.000000
880.208479 330.586054 882.159169 330.366833 885.925653 331.090687 885.601110 333.217440 883.658106 333.217369
0.052911 1.008708 100000.000000
235.694907 520.587191 236.097658 520.577902 243.079905 520.557491 242.969527 520.577676 242.435081 520.587228 236.119327 520.601659
1.506896 2.405488 26612.000000 -1.445687 -1.337280 73388.000000
598.277296 108.589556 598.301788 103.868338 598.563296 101.839350 598.713130 104.785423 598.751251 107.870074 598.699651 108.150955
2.112663 -1.203735 100000.000000
309.149898 443.385161 309.844083 443.178533 320.971068 443.144256 322.052499 443.354685 321.172757 443.654935 309.995442 443.659653
-0.090839 -0.616425 100000.000000
626.112860 503.064408 636.885571 502.154517 636.412077 508.587993 628.313827 511.638987
0.553459 0.223504 100000.000000
150.251701 150.759309 150.477274 150.537475 150.576273 150.550420 151.135116 150.819538 150.336699 150.891696
-1.356030 1.215461 46628.000000 3.447487 0.537794 28183.000000 0.445784 -4.725963 25189.000000
120.796331 83.411806 124.264708 83.815559 127.235066 86.983760 126.926176 86.883522
1.922021 -1.616132 39133.000000 0.950612 -2.046929 35619.000000 1.647150 2.259470 25248.000000
936.952629 6.573530 938.997374 6.642776 938.809542 8.339352 937.155462 6.806572
-0.703410 3.276735 100000.000000
252.557355 372.076567 253.089068 369.852203 255.282267 373.125214 255.196607 379.872504 253.415024 375.556859
3.375113 2.421061 47131.000000 -1.036876 -4.373555 26819.000000 -2.338459 -1.028217 26050.000000
695.899421 870.659872 696.808818 870.522248 704.693149 870.626126 702.607504 870.935263 698.378115 871.552443
0.686341 4.075083 24896.000000 2.908341 1.543453 44936.000000 3.126478 -3.132711 30168.000000
714.750628 194.042264 715.436554 193.765852 715.577570 193.766229 716.176454 193.957602 716.320112 194.049569
0.311561 1.208540 23027.000000 0.609627 1.471849 35460.000000 -0.455297 1.541134 41513.000000
830.584952 385.525032 831.372030 383.155128 831.745114 383.053415 834.108378 382.995449 834.907549 383.914923 833.176382 385.571442
-1.759581 3.637310 39612.000000 -1.082789 0.405811 13553.000000 -0.584299 0.459350 46835.000000
405.235341 720.236054 405.524464 715.683121 407.600609 713.272779 406.418048 725.593791 406.298744 725.356815 405.608533 722.784773 405.265556 720.978388
-3.200062 1.133441 38107.000000 0.802080 1.014717 61893.000000
354.595426 289.561014 355.604911 288.936737 357.581798 288.155244 359.566987 288.153852 358.415527 289.513502 358.086481 289.674894
-3.883855 -1.376699 39069.000000 -1.666830 -0.594105 60931.000000
4.785599 291.783359 11.291062 290.781116 17.207277 290.970351 17.036457 291.813380 16.177503 292.310572 6.968199 292.498879
4.214596 2.199885 55694.000000 3.435886 0.475675 44306.000000
497.905567 671.245553 498.110626 670.696082 499.308176 670.680372 499.026027 671.022447 498.897465 671.108855
2.859387 -1.916797 100000.000000
143.456077 917.884562 143.724150 916.729844 144.395190 916.083502 144.433995 917.887580
-0.924147 2.007992 100000.000000
416.265407 658.511054 416.278361 652.988522 416.432078 649.220719 416.457379 667.195776 416.315059 667.456845 416.283732 662.195257
-3.338136 -0.330766 42631.000000 -2.178069 1.380423 18156.000000 -2.323577 -3.586235 39213.000000
712.912476 151.428426 713.532006 151.509817 714.019080 152.332390 713.792981 152.626552 713.170522 152.807496
-1.829187 -3.024419 100000.000000
960.065000 496.634485 960.525766 496.598579 963.470081 496.481251 963.674356 496.521649 961.928202 496.819016 960.523728 496.744758
1.428406 1.530993 20181.000000 -0.128825 -0.144256 79819.000000
491.089654 64.487167 495.517788 64.141947 496.276799 64.157879 496.454450 64.452278 496.128251 65.061451 495.610826 65.177980 491.126618 64.732675
-2.868176 1.945634 35736.000000 -0.467265 1.311975 22036.000000 -0.883134 -1.010677 42228.000000
143.303680 193.943156 143.320830 193.840130 143.447709 193.786144 143.805231 193.763350 143.973568 193.775812 144.223966 193.809454 144.306039 194.058808
0.197443 0.297616 53949.000000 -3.432639 -0.108136 46051.000000
869.503033 119.450721 872.242986 118.450427 871.309749 120.962655
0.267684 0.172567 100000.000000
614.314489 194.117323 614.643557 194.114293 615.413920 194.110389 617.003254 194.115726 617.179084 194.126034 614.439640 194.119882
-3.370959 0.408223 100000.000000
796.344468 688.760728 796.350590 688.209791 796.527066 687.771286 796.811587 687.352433 797.060502 688.227559 797.107311 688.803058 796.678988 688.979082
0.820813 2.881291 100000.000000
416.283784 249.917598 416.358980 249.482468 416.458648 248.920384 416.332923 253.565627 416.303181 252.516070
0.358255 -2.608827 100000.000000
290.844238 139.673161 293.549240 139.577550 294.376222 139.868386 291.421077 139.811130
-0.641733 -0.552498 46339.000000 0.174287 0.578367 53661.000000
510.296432 44.461833 510.509042 43.595555 510.620817 43.342355 510.635995 43.745903 510.518884 47.156848 510.430674 47.723151
-0.528622 -2.225884 100000.000000
365.163298 934.331699 374.409487 926.651417 373.564367 931.659589
-2.177324 1.196335 100000.000000
874.245315 325.079722 874.252834 322.958320 874.275524 322.473858 874.273397 323.819285 874.262277 324.631882 874.261348 324.665547
-2.546076 -2.056065 100000.000000
579.707558 373.048182 579.809399 371.662075 579.931777 371.299378 580.078517 371.133164 580.436129 371.050985 580.416340 373.038290 579.901566 379.576344
1.243160 4.213299 31815.000000 1.574955 -2.003236 68185.000000
420.460493 803.670549 420.551851 803.281689 421.177941 803.579065 421.453870 804.027733 421.332246 804.741281 420.554177 804.218680
2.961756 2.358654 55520.000000 -0.983519 0.220645 44480.000000
100.489042 173.294944 100.511479 173.004801 100.512732 173.585065
2.842799 -3.631946 51197.000000 -2.038324 1.028281 48803.000000
869.808818 443.675343 870.476024 443.620589 869.907891 443.704421
0.053996 0.183421 57810.000000 1.674887 -0.578886 9002.000000 4.736007 1.071178 33188.000000
841.637817 773.724274 841.869374 773.546314 842.473740 773.180009 843.362388 774.676399 844.310405 776.652488 841.885513 775.827981
4.146171 -1.433611 26075.000000 0.272345 0.509470 23272.000000 -1.664342 -4.139195 50653.000000
581.313400 546.769717 582.033955 546.703903 583.480824 546.752462 583.578309 546.791447 581.843662 546.775115
-0.096752 -0.200562 51636.000000 1.106824 3.071182 48364.000000
573.262136 705.006811 573.509804 704.532641 574.489493 704.273512
0.328397 0.533167 34266.000000 -0.044360 -1.809394 65734.000000
140.311725 224.679027 140.317200 223.420087 142.522874 224.170211
0.771064 0.101051 100000.000000
543.569926 402.474866 543.717321 401.751242 543.728011 404.780302 543.671484 405.694870 543.589323 404.404641
-1.901508 -1.651402 27818.000000 1.778704 1.372816 24849.000000 -0.385325 -1.220089 47333.000000
501.394019 476.936513 503.356893 477.020437 503.846116 477.289077 503.106679 477.793394 502.545433 477.839817 501.734625 477.730003 501.409029 477.647042
-1.319040 2.151159 51715.000000 0.329192 -1.137150 48285.000000
26.970870 413.612232 31.279083 413.226405 30.746428 415.340827 29.201522 415.129294 28.076073 414.789777
0.074888 -1.332426 52022.000000 0.503781 -2.538609 9758.000000 1.066616 3.282863 38220.000000
553.422449 2.062911 553.453414 1.154195 553.533730 0.566238 553.683569 0.469916 554.188759 0.538356 553.724376 1.865125
2.010937 3.372313 44116.000000 -0.467789 2.897170 13517.000000 1.044773 -1.176098 42367.000000
948.369728 198.438992 948.668804 198.551313 956.251098 201.896663 949.811457 201.749307
2.311389 2.517580 100000.000000
354.598852 3.306474 358.436616 3.099670 359.352391 3.202712 358.856692 3.746316 356.466551 3.848855
1.185076 2.862297 33344.000000 0.938513 0.696070 16896.000000 2.918366 2.362450 49760.000000
730.382498 99.379612 730.605353 99.307967 730.682086 99.501060
-2.294435 2.214388 25225.000000 -2.980329 3.540922 33223.000000 4.076350 0.826110 41552.000000
84.435553 771.744057 84.845065 771.917694 84.586437 771.840958
-0.370139 3.466286 100000.000000
329.072277 114.573034 329.114749 113.326719 330.478407 112.515891 331.331557 112.135742 332.068694 113.193571 332.194701 114.566714
-0.863077 -0.946546 48657.000000 -2.466279 1.091005 10756.000000 0.101238 1.856051 40587.000000
137.877592 746.657206 138.431433 747.039076 138.730944 755.641317
2.428231 3.528328 26808.000000 -0.189597 1.303901 24157.000000 2.472754 -0.099755 49035.000000
930.052658 802.658670 930.171583 802.484315 930.811844 801.963110 931.917770 802.001377 934.407549 802.264270 932.010603 802.679884
-1.111351 -2.554019 43459.000000 -1.176025 0.213662 56541.000000
86.070886 7.486887 86.341514 6.734135 89.894167 6.498021 89.509887 9.995143 88.782787 10.683364 86.543066 9.873069
1.372347 -2.108355 35153.000000 1.023839 -3.704296 37771.000000 -2.390083 -2.768050 27076.000000
269.289033 751.344734 269.334458 747.573028 269.883555 747.244537 270.390717 752.302673 269.450657 755.406168
3.880132 2.382472 46516.000000 0.076709 -1.144619 30189.000000 0.010990 -0.414145 23295.000000
461.869993 665.394678 462.298354 651.908892 464.514896 656.667679
0.265728 0.672583 38681.000000 -1.027179 -2.049138 61319.000000
697.456326 611.011321 702.438687 611.039416 703.197247 611.720693
-2.017608 -2.966836 50427.000000 -3.580347 -1.999189 49573.000000
983.630391 878.920243 989.289750 876.017060 990.759591 875.835202 991.415241 879.530283 984.815141 880.027101
0.663882 -1.004015 36337.000000 0.003519 3.760613 22973.000000 2.753422 -2.373681 40690.000000
961.494171 699.350244 963.381722 698.790075 961.861756 699.316534
-3.620947 0.590537 48755.000000 -1.924496 -0.019928 28418.000000 -0.358195 0.326680 22827.000000
584.474000 448.689066 585.262511 448.563634 585.963192 448.463756 586.122682 448.482226 586.128514 448.597319 585.486851 448.710186 585.020899 448.773841 584.939867 448.779754
-3.249652 2.750568 100000.000000
818.513500 912.615789 818.629714 907.352121 819.983204 909.467820 819.575211 913.886918
0.117492 -0.122928 38738.000000 2.440299 1.105349 19815.000000 -1.350077 4.373625 41447.000000
393.236632 997.776638 396.297618 998.015138 396.407456 999.662291 393.662008 999.591137
-1.012338 0.650245 30744.000000 1.341366 2.015361 69256.000000
813.100016 219.000476 814.148719 219.559246 813.279405 219.696110
2.426577 -0.819902 27209.000000 -0.394362 1.122156 24663.000000 -0.240747 -1.125987 48128.000000
600.637046 4.450989 601.124550 4.387515 602.397192 4.480238 601.505464 4.780926 600.656429 4.641611
-2.800297 -0.829081 36168.000000 2.970452 -2.076882 63832.000000
46.142622 496.504924 46.161586 496.486016 46.215663 496.676215 46.177420 496.752337
-0.648059 -0.584179 100000.000000
497.840299 862.392102 498.203644 858.896233 498.904862 858.662145 499.361474 858.767684 499.115831 862.723044
3.183944 1.160522 100000.000000
143.389912 438.414717 143.847671 437.316985 144.402517 438.475009 144.324288 438.806111 143.435066 439.099619
-3.665433 2.972523 100000.000000
696.261120 36.683948 704.592335 36.479955 704.693611 37.840695 701.409281 39.335727
2.900948 -0.422823 29738.000000 0.851390 -2.904541 17650.000000 2.136574 -0.385218 52612.000000
759.653899 496.386123 760.341974 496.281539 764.954803 496.295762 764.481761 496.346306 762.443089 496.387327
-2.071137 0.959939 100000.000000
845.870741 767.505640 846.455659 763.273821 847.217853 762.120152 847.902737 763.089978 848.274396 769.250171 846.542917 769.206209
-1.574535 -3.318091 100000.000000
257.333478 609.212179 257.957118 608.146141 258.551538 608.151740 259.091900 610.098458 258.046040 609.861605
1.121973 1.031336 48723.000000 -0.443856 -1.294670 19544.000000 2.317833 -0.249709 31733.000000
959.015791 920.372656 959.035799 918.710859 959.157829 920.992381 959.021179 920.404966
-1.664029 0.290572 25730.000000 0.426190 -0.766128 74270.000000
716.984410 449.974524 716.991585 449.961568 717.062137 449.935900 717.311309 449.919403 717.551190 449.909948 717.612872 449.923616 717.301267 449.971820
-0.515130 -4.828582 100000.000000
718.070755 559.453996 718.455814 557.949553 719.742664 557.942148 718.214061 559.424298
-0.238742 2.153907 55907.000000 0.055866 -4.185314 44093.000000
717.000473 706.444590 717.114632 705.260647 717.489869 704.968843 717.627798 706.215054
2.939832 -1.577344 100000.000000
249.096056 139.792243 250.814477 139.527177 251.459000 139.576789 251.396223 139.878178 250.110683 139.873044
0.004760 0.003609 41545.000000
766.598967 899.199227 767.509093 899.662027 768.168869 901.275295 768.862554 904.367320 767.904840 904.225176 767.376109 904.137425
0.910617 0.939348 20368.000000 2.100664 1.798292 20045.000000 4.957035 0.247967 59587.000000
46.161869 531.026839 46.162789 531.025386 46.187739 531.025296 46.208236 531.025794 46.175296 531.027769
-4.398040 1.399825 58257.000000 0.638815 1.463161 41743.000000
655.286792 90.901829 655.398324 90.649396 656.554024 95.645764 656.622475 97.210280 656.110731 96.872857 655.496048 93.179062
0.092113 2.024693 28193.000000 0.088814 0.142081 71807.000000
838.330056 853.958235 838.887145 854.133706 839.012565 854.209861 839.044153 854.278514 838.396241 854.231741 838.353216 854.116706
2.983661 0.078080 26811.000000 -1.256538 -1.512163 38792.000000 -0.164303 -1.602095 34397.000000
973.972037 278.036300 974.532044 274.822318 974.771809 274.437129 975.340024 274.523454 976.352852 274.921865 977.009843 276.983297
4.098060 -0.646808 100000.000000
862.348439 180.875042 863.596238 176.723083 867.005353 181.958469 865.448191 185.986158 862.437992 186.363501 862.358165 181.599415
-1.591624 -2.812648 20592.000000 0.716885 -0.777398 21040.000000 -0.761360 -0.272530 58368.000000
836.960230 63.455221 836.965101 61.239274 836.987723 62.205954 836.991226 62.996377 836.970213 63.614312
-2.124913 -0.057809 33327.000000 1.136614 3.576066 15645.000000 -1.316013 2.169869 51028.000000
916.142891 64.259626 920.386424 64.221155 920.940859 65.162820 918.181263 65.075434 916.869580 64.718347
-1.973602 0.454439 26038.000000 0.019669 -1.883077 31230.000000 -0.643804 -4.663960 42732.000000
779.700681 4.669083 779.752190 4.806553 779.764810 4.858906
-1.792526 4.476073 100000.000000
229.240061 493.714167 229.257569 492.463340 229.541074 495.278859 229.356332 494.909729 229.284406 494.514412
0.437369 0.049561 31203.000000 1.390444 -2.516622 68797.000000
598.293297 870.692512 598.775054 870.724424 598.775293 871.225400 598.354359 871.526353 598.307894 871.402121
0.665886 3.800845 51117.000000 2.038941 -0.586735 48883.000000
260.626741 950.735855 264.172842 950.195587 265.458309 950.338836 266.852963 950.531974 263.035635 950.684585
-2.478627 1.951653 51887.000000 -0.592247 0.268609 14375.000000 -0.249593 -4.376176 33738.000000
874.257902 257.137610 874.268536 257.108078 874.275862 257.568302
-0.473588 2.752765 45483.000000 0.339234 -0.441351 25802.000000 -0.587966 1.427993 28715.000000
873.860648 146.265307 873.898017 143.433357 874.139360 141.213493 874.084499 147.421989 874.009082 148.556358 873.867185 147.467520
0.457267 -0.366301 56161.000000 -2.702520 1.117502 12876.000000 0.615108 -1.122214 30963.000000
214.697777 237.919502 216.234134 237.524020 217.794065 237.637645 219.107865 237.772596 218.356515 237.926003
3.602210 -2.291417 21296.000000 -0.463242 2.407468 78704.000000
229.281686 629.776144 229.556203 629.863540 229.291823 630.293678
-3.153706 0.979249 100000.000000
599.920707 692.484241 599.980608 690.717855 600.019920 690.383095 600.242215 692.957784 600.141052 696.479218 600.014435 694.841305
-0.133867 -0.371540 100000.000000
898.562766 448.596454 901.891563 448.511648 901.785269 448.638474 901.566239 448.715648 900.150991 448.674099
1.571853 2.210088 100000.000000
46.171738 872.629377 46.207089 872.772479 46.193657 873.180874
0.711787 -0.492713 45916.000000 -3.266444 2.220966 30596.000000 -0.022753 -0.420099 23488.000000
710.339287 137.413046 710.458081 136.287236 710.750411 135.567336 712.187449 136.506846 712.409848 137.297067 710.757464 137.814016
-1.724113 0.093131 28422.000000 -3.458702 1.951969 71578.000000
466.711211 436.332462 467.387100 436.151114 469.232173 435.952277 469.712920 435.942317 469.283670 436.701563 467.075510 436.555380
2.466758 0.083102 100000.000000
