20
893.018611 687.880303
-0.083928 0.055284 10000.000000
343.742036 966.025218
-3.888273 1.698220 5912.000000 0.840716 -0.773396 2233.000000 1.009714 3.750236 1855.000000
309.187859 600.363606
1.123714 0.601310 4806.000000 -2.306485 -3.933827 3114.000000 -2.821232 -2.020765 2080.000000
30.938597 860.678160
-0.374419 1.295319 5160.000000 -1.180265 -1.165161 4840.000000
703.626433 848.764094
0.875729 -1.374782 10000.000000
712.044147 238.206790
-1.230450 0.987721 4530.000000 4.044863 2.619677 5470.000000
272.580144 620.515726
-0.279770 -1.509064 10000.000000
64.796133 324.021848
1.566412 -4.733991 10000.000000
731.387872 588.474719
4.457139 0.029310 10000.000000
971.002963 468.116151
-1.824172 0.530447 4639.000000 -0.127775 0.799796 5361.000000
215.029580 653.528873
0.224862 -0.340882 10000.000000
253.194317 0.609016
-0.011097 0.005097 8882.000000
88.893040 76.253781
0.011100 -0.005122 8882.000000
712.201862 595.519659
-1.253992 0.307805 10000.000000
186.813361 247.318987
-1.484186 -1.512497 4799.000000 -0.041485 -0.093521 2861.000000 -0.019263 0.385939 2340.000000
246.120459 929.492371
0.324546 4.252784 5542.000000 -0.093227 2.357850 2542.000000 2.497368 1.226170 1916.000000
919.187699 779.316074
0.943735 4.540005 5089.000000 -1.536717 -3.842172 4911.000000
906.231657 725.849525
-2.761158 -0.339114 5718.000000 -3.789716 0.512348 1921.000000 -1.136935 -2.851985 2361.000000
53.694995 271.127344
-1.032589 2.710819 2793.000000 1.017526 0.190549 7207.000000
167.384877 624.869318
-0.137689 0.239022 10000.000000
