100
862.958551 194.518660 862.996856 194.518660 862.996856 208.516528 862.958551 208.516528
-0.198385 0.044489 50706.000000 1.755044 1.041633 28888.000000 -2.807541 -2.773669 20406.000000
463.271358 611.013527 465.683668 611.013527 465.683668 615.413855 463.271358 615.413855
2.197044 -0.075113 100000.000000
824.750797 574.076215 825.343262 574.076215 825.343262 575.902184 824.750797 575.902184
-1.847095 0.160478 53972.000000 -1.769653 -1.126192 25207.000000 0.239441 -1.009711 20821.000000
688.200060 634.172153 692.804664 634.172153 692.804664 643.398099 688.200060 643.398099
1.408717 3.325363 28430.000000 0.313889 -2.153391 71570.000000
775.615989 250.920444 776.168999 250.920444 776.168999 262.121168 775.615989 262.121168
-0.203762 0.107493 100000.000000
182.848962 784.005624 186.609556 784.005624 186.609556 799.333670 182.848962 799.333670
-0.737911 -0.313453 58471.000000 -1.835439 -0.371787 41529.000000
249.617093 460.824042 252.706633 460.824042 252.706633 469.758974 249.617093 469.758974
-1.418022 -0.142404 58036.000000 0.236272 0.798843 41964.000000
99.905516 546.711511 100.126484 546.711511 100.126484 552.100817 99.905516 552.100817
-3.563958 -1.510290 29307.000000 2.142648 4.044636 28492.000000 0.720912 -0.991265 42201.000000
425.843398 278.286029 430.079581 278.286029 430.079581 279.973419 425.843398 279.973419
4.365366 -0.756321 50600.000000 -1.079533 -4.022234 20587.000000 1.317829 -1.698252 28813.000000
50.637426 826.099475 54.044627 826.099475 54.044627 833.810780 50.637426 833.810780
-0.261879 0.482584 23691.000000 -1.190584 1.349112 76309.000000
442.312970 438.431040 448.900889 438.431040 448.900889 442.133380 442.312970 442.133380
-2.232299 -0.499730 100000.000000
898.400181 156.172912 904.170564 156.172912 904.170564 158.265417 898.400181 158.265417
1.988609 0.529744 100000.000000
944.209219 835.134893 946.126654 835.134893 946.126654 838.016489 944.209219 838.016489
0.510198 2.351515 23034.000000 -0.313243 4.981096 76966.000000
758.530397 284.761497 760.347430 284.761497 760.347430 291.893977 758.530397 291.893977
2.173997 -3.901434 45598.000000 0.212849 0.389597 25835.000000 0.151488 -0.014152 28567.000000
284.511901 681.620854 287.502874 681.620854 287.502874 683.856647 284.511901 683.856647
0.489117 -2.491173 57780.000000 2.439263 1.081058 42220.000000
746.273793 944.621201 750.226694 944.621201 750.226694 945.070039 746.273793 945.070039
-2.008619 2.491865 100000.000000
461.836332 930.585868 462.843876 930.585868 462.843876 931.811231 461.836332 931.811231
1.521167 -4.340162 100000.000000
99.905516 250.920444 100.126484 250.920444 100.126484 262.121168 99.905516 262.121168
0.112324 -0.024135 30204.000000 -4.284765 1.561965 39888.000000 0.247067 0.771993 29908.000000
17.411461 344.079446 21.828682 344.079446 21.828682 349.139862 17.411461 349.139862
3.655166 -2.291752 42166.000000 -1.215566 -1.322523 57834.000000
75.846080 33.176261 84.277391 33.176261 84.277391 35.516431 75.846080 35.516431
0.585242 0.289710 50295.000000 -1.398038 0.231601 29408.000000 -2.260633 1.870445 20297.000000
207.970800 932.399967 209.509472 932.399967 209.509472 935.884489 207.970800 935.884489
2.996868 2.547226 100000.000000
516.557427 369.669889 520.166772 369.669889 520.166772 371.217835 516.557427 371.217835
1.035760 1.369220 41136.000000 -3.861012 1.454919 58864.000000
569.919119 27.648325 575.230607 27.648325 575.230607 32.302027 569.919119 32.302027
0.742547 -0.363670 36811.000000 0.295619 0.048506 17131.000000 2.339418 0.654427 46058.000000
316.419066 749.967172 320.535420 749.967172 320.535420 759.935436 316.419066 759.935436
-0.290389 0.225666 100000.000000
337.248183 731.249017 345.385415 731.249017 345.385415 734.426157 337.248183 734.426157
-0.837203 -1.822015 24289.000000 2.661820 2.182860 75711.000000
235.698656 984.116043 236.213871 984.116043 236.213871 986.205532 235.698656 986.205532
-0.698852 -1.538218 100000.000000
565.353694 553.681830 568.821685 553.681830 568.821685 560.940632 565.353694 560.940632
4.112909 -0.698908 24107.000000 2.139512 2.583825 18379.000000 3.069235 -3.477544 57514.000000
990.048871 143.296906 997.376904 143.296906 997.376904 151.608211 990.048871 151.608211
-1.149896 3.308523 24125.000000 -1.696107 4.519483 75875.000000
624.263040 634.172153 627.713658 634.172153 627.713658 643.398099 624.263040 643.398099
-0.512891 -0.751111 57098.000000 1.579739 0.397512 42902.000000
103.606039 761.643512 104.468634 761.643512 104.468634 765.339852 103.606039 765.339852
-0.828315 -1.816045 36719.000000 -0.384618 -0.775946 63281.000000
761.028943 634.172153 764.664018 634.172153 764.664018 643.398099 761.028943 643.398099
-3.830511 2.428084 25071.000000 1.134804 0.352343 74929.000000
236.821416 713.504100 241.166555 713.504100 241.166555 717.927637 236.821416 717.927637
-0.580072 1.408276 100000.000000
577.413711 709.505834 589.567059 709.505834 589.567059 712.568344 577.413711 712.568344
2.129302 -2.032025 21502.000000 -2.028307 -3.260673 78498.000000
450.315001 68.919743 455.039976 68.919743 455.039976 72.952345 450.315001 72.952345
3.884063 1.071066 39750.000000 -0.427121 -0.093879 60250.000000
100.488516 210.510221 103.163804 210.510221 103.163804 212.461890 100.488516 212.461890
-1.635781 -0.295758 37037.000000 -0.157670 -0.199150 17912.000000 0.842785 -2.701521 45051.000000
624.263040 280.552902 627.713658 280.552902 627.713658 283.501377 624.263040 283.501377
-1.907914 -1.240559 54797.000000 -0.828935 -0.979264 45203.000000
785.433460 383.552624 789.116675 383.552624 789.116675 383.809659 785.433460 383.809659
-0.811786 0.279847 57549.000000 -1.348186 -4.766839 23663.000000 0.005669 -0.706203 18788.000000
516.557427 190.934743 520.166772 190.934743 520.166772 192.565128 516.557427 192.565128
-1.254390 0.675425 100000.000000
761.028943 111.208581 764.664018 111.208581 764.664018 120.284173 761.028943 120.284173
0.366685 0.089946 100000.000000
236.821416 66.012356 241.166555 66.012356 241.166555 68.148633 236.821416 68.148633
1.089027 0.014537 23422.000000 0.918967 3.110480 76578.000000
687.605690 212.951767 687.622396 212.951767 687.622396 214.919116 687.605690 214.919116
0.882635 0.164365 34551.000000 3.512030 -0.907068 65449.000000
685.319335 216.963983 687.349794 216.963983 687.349794 220.728325 685.319335 220.728325
-0.877089 -1.808012 100000.000000
785.433460 517.137952 789.116675 517.137952 789.116675 523.910542 785.433460 523.910542
0.465097 -1.156021 36518.000000 -1.452737 1.090896 27331.000000 0.317952 3.816490 36151.000000
773.918926 883.799813 774.959953 883.799813 774.959953 893.623909 773.918926 893.623909
-0.040858 -3.171213 31977.000000 1.881464 -3.523462 25212.000000 4.405179 -0.311930 42811.000000
159.400431 36.139663 161.435077 36.139663 161.435077 38.785344 159.400431 38.785344
1.498277 3.990513 32907.000000 -2.253287 0.280283 67093.000000
215.888673 405.219871 219.057701 405.219871 219.057701 414.210685 215.888673 414.210685
-2.062156 -1.144238 25038.000000 4.417490 -1.689047 74962.000000
254.318149 129.930908 264.120733 129.930908 264.120733 132.443836 254.318149 132.443836
-0.302184 0.006601 100000.000000
687.605690 446.408821 687.622396 446.408821 687.622396 446.895157 687.605690 446.895157
-4.157680 -2.277254 45144.000000 -0.146618 0.544148 13856.000000 3.309365 -2.551690 41000.000000
410.657450 620.316087 412.881221 620.316087 412.881221 624.590711 410.657450 624.590711
2.435694 0.970728 46308.000000 0.788447 0.540358 53692.000000
104.758541 681.143572 106.215207 681.143572 106.215207 681.319401 104.758541 681.319401
1.823441 -2.713078 34473.000000 -2.185687 0.648298 20708.000000 0.661597 0.281807 44819.000000
536.831433 768.369265 538.924953 768.369265 538.924953 773.375120 536.831433 773.375120
0.869633 -0.167427 100000.000000
530.327929 534.924739 535.675935 534.924739 535.675935 544.803058 530.327929 544.803058
0.193503 0.075288 58080.000000 -4.316155 -2.245915 41920.000000
704.696117 765.996059 704.703070 765.996059 704.703070 767.549369 704.696117 767.549369
1.421708 0.444315 100000.000000
117.327386 310.637259 120.745175 310.637259 120.745175 323.677658 117.327386 323.677658
-1.004268 3.050682 100000.000000
30.619086 27.648325 34.899747 27.648325 34.899747 32.302027 30.619086 32.302027
1.108905 0.980082 36140.000000 0.377079 3.417801 17625.000000 1.194198 -1.417489 46235.000000
100.488516 673.740413 103.163804 673.740413 103.163804 677.606102 100.488516 677.606102
-1.523564 2.797166 50055.000000 -0.616369 0.371081 16615.000000 -1.111418 4.485069 33330.000000
983.491962 826.099475 988.506100 826.099475 988.506100 833.810780 983.491962 833.810780
-4.349537 -1.790819 100000.000000
944.209219 350.557729 946.126654 350.557729 946.126654 353.765403 944.209219 353.765403
-1.043534 1.294535 20929.000000 2.345353 2.281615 46269.000000 0.960263 0.852071 32802.000000
597.935416 263.710940 603.058033 263.710940 603.058033 265.228394 597.935416 265.228394
0.032192 -0.125887 57567.000000 -3.639739 0.903126 42433.000000
678.603271 263.710940 684.347499 263.710940 684.347499 265.228394 678.603271 265.228394
0.314066 -3.311099 59374.000000 1.404738 3.415656 40626.000000
826.107571 450.782016 831.629582 450.782016 831.629582 458.715491 826.107571 458.715491
2.288438 -2.887162 100000.000000
210.307677 774.809728 212.064522 774.809728 212.064522 781.280741 210.307677 781.280741
-2.880613 2.725275 21025.000000 -3.535807 2.977348 16165.000000 -0.730321 -0.672581 62810.000000
72.233640 105.910354 74.507885 105.910354 74.507885 109.611490 72.233640 109.611490
-1.339214 2.238176 24256.000000 0.141847 -1.583067 43346.000000 3.441332 0.476626 32398.000000
768.061160 562.688885 773.152394 562.688885 773.152394 569.416103 768.061160 569.416103
-1.880748 1.004116 27327.000000 -0.310589 0.596890 72673.000000
648.494526 618.548531 650.379798 618.548531 650.379798 619.644733 648.494526 619.644733
-0.120376 0.015241 24385.000000 -3.845500 -1.864984 35344.000000 0.367143 -4.835721 40271.000000
634.455120 472.128512 646.725117 472.128512 646.725117 472.576411 634.455120 472.576411
0.571016 1.721786 100000.000000
235.698656 269.537913 236.213871 269.537913 236.213871 277.126528 235.698656 277.126528
1.665303 -0.545010 100000.000000
947.477052 506.984935 956.362800 506.984935 956.362800 510.929516 947.477052 510.929516
-0.045834 -1.298776 30117.000000 2.631947 0.437015 35024.000000 2.883841 3.385979 34859.000000
207.970800 546.711511 209.509472 546.711511 209.509472 552.100817 207.970800 552.100817
3.526700 1.202279 100000.000000
500.186389 292.897236 511.571007 292.897236 511.571007 293.790827 500.186389 293.790827
2.615272 0.051745 38804.000000 0.061912 0.359412 61196.000000
337.248183 765.996059 345.385415 765.996059 345.385415 767.549369 337.248183 767.549369
-2.729751 -0.542380 25686.000000 0.112726 -2.896611 74314.000000
848.014510 384.608362 849.487063 384.608362 849.487063 385.692611 848.014510 385.692611
1.743204 2.855440 49504.000000 0.421791 0.090834 19335.000000 -3.320704 -2.565828 31161.000000
321.364216 492.164410 323.878227 492.164410 323.878227 498.076612 321.364216 498.076612
-4.496041 1.588482 28710.000000 -1.212772 0.642372 42224.000000 -2.152507 -3.646940 29066.000000
687.605690 384.608362 687.622396 384.608362 687.622396 385.692611 687.605690 385.692611
-2.652203 -0.649595 27782.000000 -1.132410 2.061758 27334.000000 -0.324837 -0.061034 44884.000000
810.376555 26.374446 818.958964 26.374446 818.958964 26.989705 810.376555 26.989705
1.079106 -3.905880 36893.000000 -1.515818 -4.194200 63107.000000
121.659179 774.809728 125.553425 774.809728 125.553425 781.280741 121.659179 781.280741
-3.194115 0.826740 49352.000000 0.516534 1.012388 21452.000000 0.561996 -1.340190 29196.000000
530.327929 216.963983 535.675935 216.963983 535.675935 220.728325 530.327929 220.728325
-1.375671 0.186925 47818.000000 -2.191437 2.646897 52182.000000
757.428368 726.886478 758.206057 726.886478 758.206057 727.521189 757.428368 727.521189
-0.560322 0.509390 100000.000000
864.058269 726.886478 872.511264 726.886478 872.511264 727.521189 864.058269 727.521189
0.010413 -4.842997 25227.000000 -4.452768 -1.630782 31793.000000 -3.090997 -3.477516 42980.000000
886.232341 774.809728 895.166387 774.809728 895.166387 781.280741 886.232341 781.280741
0.042982 -0.099020 47018.000000 -3.604441 1.338050 12065.000000 0.770019 1.796641 40917.000000
314.179060 693.225576 315.712804 693.225576 315.712804 705.975496 314.179060 705.975496
-0.733406 -3.145935 37044.000000 3.316854 -1.805670 36985.000000 -0.857658 -0.265446 25971.000000
182.848962 731.249017 186.609556 731.249017 186.609556 734.426157 182.848962 734.426157
0.992542 0.008452 54925.000000 -1.965615 -0.915359 19284.000000 2.818356 0.159787 25791.000000
536.366966 306.944926 536.547212 306.944926 536.547212 308.778067 536.366966 308.778067
-0.622486 0.385289 21322.000000 0.653418 1.141102 78678.000000
346.595136 389.811866 348.135675 389.811866 348.135675 402.508891 346.595136 402.508891
0.291019 -0.050911 39158.000000 -1.087378 3.940241 60842.000000
171.234018 190.934743 181.140569 190.934743 181.140569 192.565128 171.234018 192.565128
-0.733972 -0.119387 100000.000000
121.659179 726.886478 125.553425 726.886478 125.553425 727.521189 121.659179 727.521189
-3.506198 -2.908311 30101.000000 2.381810 4.300925 26911.000000 2.032248 -4.536349 42988.000000
775.615989 33.176261 776.168999 33.176261 776.168999 35.516431 775.615989 35.516431
-1.460244 -4.666535 100000.000000
606.255050 190.934743 606.935035 190.934743 606.935035 192.565128 606.255050 192.565128
2.745168 -0.189746 20199.000000 3.693321 0.391343 29012.000000 3.199752 3.770991 50789.000000
516.557427 294.204120 520.166772 294.204120 520.166772 296.616875 516.557427 296.616875
3.731661 -3.209608 41638.000000 0.372679 0.360283 18873.000000 -0.553756 -0.148966 39489.000000
840.629960 915.847492 846.903064 915.847492 846.903064 916.792885 840.629960 916.792885
-1.252645 1.328037 30644.000000 2.883275 -3.487462 69356.000000
463.271358 713.504100 465.683668 713.504100 465.683668 717.927637 463.271358 717.927637
3.230749 -3.019137 100000.000000
162.520037 967.855665 169.165070 967.855665 169.165070 971.203438 162.520037 971.203438
0.734674 3.508177 35029.000000 -1.740230 1.633526 64971.000000
121.659179 650.682463 125.553425 650.682463 125.553425 656.076163 121.659179 656.076163
0.064004 1.776258 55008.000000 -2.133910 -3.630115 44992.000000
194.250390 143.296906 204.568875 143.296906 204.568875 151.608211 194.250390 151.608211
-2.262827 -3.841405 49983.000000 -0.390760 -1.561253 50017.000000
500.186389 648.036597 511.571007 648.036597 511.571007 649.789178 500.186389 649.789178
-4.502045 -1.833181 57616.000000 1.928519 -2.688694 42384.000000
729.503240 822.409533 734.632687 822.409533 734.632687 824.832669 729.503240 824.832669
-0.400088 3.399818 49220.000000 0.005950 -0.417307 18968.000000 -0.781209 -1.930101 31812.000000
693.382274 690.598788 693.398548 690.598788 693.398548 691.517052 693.382274 691.517052
-1.476592 0.943452 100000.000000
126.167682 383.552624 127.187491 383.552624 127.187491 383.809659 126.167682 383.809659
0.926996 -4.192313 100000.000000
789.646266 122.238439 790.199774 122.238439 790.199774 128.796975 789.646266 128.796975
2.026360 -0.112877 100000.000000
265.386796 284.761497 265.712715 284.761497 265.712715 291.893977 265.386796 291.893977
-2.755371 -3.515674 100000.000000
