20
5.899837 649.262594 6.423305 685.968546
-1.162473 -1.839240 3077.000000 -1.227607 -3.615836 6923.000000
82.797378 892.325506 181.784528 898.923538
-3.931859 0.450548 5618.000000 -0.990364 0.152672 2595.000000 1.147147 -0.051861 1787.000000
628.008824 692.106726 749.930937 695.887411
0.537222 0.813532 3805.000000 -1.534949 -2.004889 3467.000000 -2.132478 1.881524 2728.000000
220.342460 96.787704 222.595035 85.825533
2.072109 -0.576874 3369.000000 0.790981 3.174610 6631.000000
841.132217 930.625245 816.636117 970.427292
0.067229 3.325086 2073.000000 -0.966008 -0.322304 2194.000000 0.372856 -3.119586 5733.000000
203.229196 409.998712 207.104997 472.008172
-1.387388 0.886678 3604.000000 0.277015 -1.332074 1654.000000 -0.390379 2.853375 4742.000000
224.078224 995.886883 233.691162 997.498973
0.012184 -3.393680 10000.000000
904.280186 743.264855 951.338735 736.966949
0.053621 -3.443118 3741.000000 -3.615657 -0.167540 6259.000000
224.078224 738.717596 233.691162 744.982861
-0.344557 1.122417 3725.000000 1.675683 2.670036 6275.000000
610.731393 736.261561 602.448490 752.015125
0.231231 1.637735 10000.000000
816.249758 684.473194 841.293772 666.695840
1.150679 -3.975561 10000.000000
63.641920 3.841797 63.429593 34.576170
0.630822 -1.808699 4160.000000 -1.508310 -1.193224 2169.000000 0.441016 1.031746 3671.000000
197.725035 736.261561 200.725213 752.015125
4.116019 0.685199 3331.000000 3.227056 -1.803256 3578.000000 1.826048 -0.024830 3091.000000
837.968410 526.218261 819.838598 557.870477
-0.672041 -4.434678 5936.000000 -0.056776 -0.144403 2243.000000 2.829310 1.904877 1821.000000
600.663991 59.264838 611.423608 62.089732
3.579915 -2.117366 10000.000000
14.503804 656.077827 23.575739 660.706952
0.208159 -0.157667 10000.000000
628.008824 622.206223 749.930937 617.939585
-1.968096 -0.127880 2913.000000 -3.040865 -2.656165 2153.000000 -0.950912 1.194795 4934.000000
827.199311 127.944641 834.017783 336.683048
-0.290095 -0.089411 5536.000000 -1.780261 0.697949 1387.000000 1.085185 -1.243883 3077.000000
220.342460 959.676036 222.595035 942.513172
-4.317435 -1.052519 5287.000000 -3.646194 -0.119220 4713.000000
459.868202 745.249590 520.887980 746.557972
1.746393 2.753823 10000.000000
